0. iteration

Population:
0,631  0,926  0,877  0,086  0,774  0,549  0,002  0,745  0,633  0,493  0,243  0,045  0,39  0,369  0,535  0,187    78
0,147  0,725  0,411  0,523  0,97  0,736  0,798  0,889  0,982  0,978  0,256  0,689  0,145  0,06  0,325  0,192    296
0,348  0,797  0,596  0,347  0,092  0,66  0,244  0,525  0,279  0,328  0,771  0,781  0,226  0,101  0,607  0,727    259
0,893  0,76  0,435  0,2  0,488  0,261  0,513  0,896  0,128  0,988  0,104  0,796  0,293  0,313  0,6  0,573    213
0,169  0,051  0,697  0,594  0,773  0,188  0,095  0,486  0,481  0,886  0,245  0,641  0,964  0,017  0,663  0,881    249
0,37  0,529  0,795  0,385  0,624  0,125  0,704  0,087  0,284  0,7  0,218  0,103  0,557  0,448  0,231  0,965    249
Max fitness: 296
Min fitness: 78
Average fitness: 226,2

Weights and fitness for selection:
0,893  0,76  0,435  0,2  0,488  0,261  0,513  0,896  0,128  0,988  0,104  0,796  0,293  0,313  0,6  0,573    213
0,37  0,529  0,795  0,385  0,624  0,125  0,704  0,087  0,284  0,7  0,218  0,103  0,557  0,448  0,231  0,965    249
0,37  0,529  0,795  0,385  0,624  0,125  0,704  0,087  0,284  0,7  0,218  0,103  0,557  0,448  0,231  0,965    249
0,631  0,926  0,877  0,086  0,774  0,549  0,002  0,745  0,633  0,493  0,243  0,045  0,39  0,369  0,535  0,187    78
0,169  0,051  0,697  0,594  0,773  0,188  0,095  0,486  0,481  0,886  0,245  0,641  0,964  0,017  0,663  0,881    249
0,893  0,76  0,435  0,2  0,488  0,261  0,513  0,896  0,128  0,988  0,104  0,796  0,293  0,313  0,6  0,573    213
0,631  0,926  0,877  0,086  0,774  0,549  0,002  0,745  0,633  0,493  0,243  0,045  0,39  0,369  0,535  0,187    78
0,169  0,051  0,697  0,594  0,773  0,188  0,095  0,486  0,481  0,886  0,245  0,641  0,964  0,017  0,663  0,881    249
0,893  0,76  0,435  0,2  0,488  0,261  0,513  0,896  0,128  0,988  0,104  0,796  0,293  0,313  0,6  0,573    213
0,348  0,797  0,596  0,347  0,092  0,66  0,244  0,525  0,279  0,328  0,771  0,781  0,226  0,101  0,607  0,727    259
0,147  0,725  0,411  0,523  0,97  0,736  0,798  0,889  0,982  0,978  0,256  0,689  0,145  0,06  0,325  0,192    296
0,631  0,926  0,877  0,086  0,774  0,549  0,002  0,745  0,633  0,493  0,243  0,045  0,39  0,369  0,535  0,187    78

After crossover:
0,37  0,529  0,795  0,385  0,624  0,125  0,704  0,087  0,284  0,7  0,218  0,103  0,557  0,448  0,231  0,965  
0,37  0,529  0,795  0,385  0,624  0,125  0,704  0,087  0,284  0,7  0,218  0,103  0,557  0,448  0,231  0,965  
0,169  0,051  0,697  0,594  0,773  0,188  0,095  0,486  0,481  0,886  0,245  0,641  0,964  0,017  0,663  0,881  
0,169  0,051  0,697  0,594  0,773  0,188  0,095  0,486  0,481  0,886  0,245  0,641  0,964  0,017  0,663  0,881  
0,147  0,725  0,411  0,523  0,97  0,736  0,798  0,889  0,982  0,978  0,256  0,781  0,226  0,101  0,607  0,727  
0,348  0,797  0,596  0,347  0,092  0,66  0,244  0,525  0,279  0,328  0,771  0,689  0,145  0,06  0,325  0,192  

All chromosomes after mutation:
0,631  0,926  0,877  0,086  0,774  0,549  0,002  0,745  0,633  0,493  0,243  0,045  0,39  0,369  0,535  0,187  
0,147  0,725  0,411  0,523  0,97  0,736  0,798  0,889  0,982  0,978  0,256  0,689  0,145  0,06  0,325  0,192  
0,348  0,797  0,596  0,347  0,092  0,66  0,244  0,525  0,279  0,328  0,771  0,781  0,226  0,101  0,607  0,727  
0,893  0,76  0,435  0,2  0,488  0,261  0,513  0,896  0,128  0,988  0,104  0,796  0,293  0,313  0,6  0,573  
0,169  0,051  0,697  0,594  0,773  0,188  0,095  0,486  0,481  0,886  0,245  0,641  0,964  0,017  0,663  0,881  
0,37  0,529  0,795  0,385  0,624  0,125  0,704  0,087  0,284  0,7  0,218  0,103  0,557  0,448  0,231  0,965  
0,37  0,529  0,795  0,385  0,624  0,125  0,704  0,087  0,284  0,7  0,218  0,103  0,557  0,448  0,231  0,965  
0,37  0,529  0,795  0,385  0,624  0,125  0,704  0,087  0,284  0,7  0,218  0,103  0,557  0,448  0,231  0,965  
0,169  0,051  0,697  0,594  0,773  0,188  0,095  0,486  0,481  0,886  0,245  0,641  0,964  0,017  0,663  0,881  
0,169  0,051  0,697  0,594  0,773  0,188  0,095  0,486  0,481  0,886  0,245  0,641  0,964  0,017  0,663  0,881  
0,147  0,725  0,411