0. iteration

Population:
0,184  0,986  0,999  0,785  0,638  0,876  0,409  0,073  0,448  0,334  0,354  0,457  0,995  0,577  0,467  0,984    216
0,45  0,46  0,61  0,845  0,55  0,193  0,004  0,979  0,292  0,256  0,568  0,138  0,4  0,767  0,861  0,976    391
0,328  0,947  0,057  0,478  0,735  0,02  0,742  0,669  0,262  0,944  0,413  0,875  0,289  0,869  0,335  0,053    436
0,979  0,419  0,983  0,481  0,17  0,939  0,824  0,992  0,982  0,02  0,493  0,382  0,307  0,271  0,674  0,681    376
0,473  0,568  0,129  0,048  0,52  0,989  0,249  0,431  0,718  0,941  0,583  0,606  0,779  0,129  0,69  0,422    417
0,921  0,516  0,767  0,981  0,783  0,38  0,807  0,39  0,123  0,065  0,495  0,715  0,526  0,36  0,361  0,991    376
Max fitness: 436
Min fitness: 216
Average fitness: 367,2

Weights and fitness for selection:
0,45  0,46  0,61  0,845  0,55  0,193  0,004  0,979  0,292  0,256  0,568  0,138  0,4  0,767  0,861  0,976    391
0,921  0,516  0,052  0,981  0,783  0,38  0,807  0,39  0,123  0,065  0,495  0,715  0,526  0,36  0,361  0,991    376
0,921  0,516  0,052  0,981  0,783  0,38  0,807  0,39  0,123  0,065  0,495  0,715  0,526  0,36  0,361  0,991    376
0,473  0,378  0,129  0,048  0,52  0,989  0,249  0,431  0,718  0,941  0,583  0,606  0,779  0,129  0,69  0,422    417
0,086  0,419  0,983  0,481  0,17  0,939  0,824  0,992  0,982  0,02  0,493  0,382  0,307  0,271  0,674  0,681    376
0,921  0,516  0,052  0,981  0,783  0,38  0,807  0,39  0,123  0,065  0,495  0,715  0,526  0,36  0,361  0,991    376
0,328  0,947  0,057  0,478  0,735  0,02  0,742  0,669  0,262  0,944  0,413  0,875  0,289  0,869  0,335  0,053    436
0,184  0,986  0,999  0,785  0,638  0,876  0,409  0,073  0,448  0,334  0,354  0,457  0,995  0,577  0,467  0,984    216
0,328  0,947  0,057  0,478  0,735  0,02  0,742  0,669  0,262  0,944  0,413  0,875  0,289  0,869  0,335  0,053    436
0,328  0,947  0,057  0,478  0,735  0,02  0,742  0,669  0,262  0,944  0,413  0,875  0,289  0,869  0,335  0,053    436
0,328  0,947  0,057  0,478  0,735  0,02  0,742  0,669  0,262  0,944  0,413  0,875  0,289  0,869  0,335  0,053    436
0,328  0,947  0,057  0,478  0,735  0,02  0,742  0,669  0,262  0,944  0,413  0,875  0,289  0,869  0,335  0,053    436

After crossover:
0,45  0,46  0,61  0,845  0,55  0,989  0,249  0,431  0,718  0,941  0,568  0,138  0,4  0,767  0,861  0,976  
0,473  0,378  0,129  0,048  0,52  0,193  0,004  0,979  0,292  0,256  0,583  0,606  0,779  0,129  0,69  0,422  
0,086  0,419  0,057  0,478  0,735  0,02  0,742  0,669  0,262  0,944  0,413  0,875  0,307  0,271  0,674  0,681  
0,328  0,947  0,983  0,481  0,17  0,939  0,824  0,992  0,982  0,02  0,493  0,382  0,289  0,869  0,335  0,053  
0,328  0,947  0,057  0,478  0,735  0,02  0,742  0,669  0,262  0,944  0,413  0,875  0,289  0,869  0,335  0,053  
0,328  0,947  0,057  0,478  0,735  0,02  0,742  0,669  0,262  0,944  0,413  0,875  0,289  0,869  0,335  0,053  

All chromosomes after mutation:
0,184  0,986  0,999  0,785  0,638  0,876  0,409  0,073  0,448  0,334  0,354  0,457  0,995  0,577  0,467  0,984  
0,45  0,46  0,61  0,845  0,55  0,193  0,004  0,979  0,292  0,256  0,568  0,138  0,4  0,767  0,861  0,976  
0,328  0,947  0,057  0,478  0,735  0,02  0,742  0,669  0,262  0,944  0,413  0,875  0,289  0,869  0,335  0,053  
0,979  0,419  0,983  0,481  0,17  0,939  0,824  0,992  0,982  0,02  0,493  0,382  0,307  0,271  0,674  0,681  
0,473  0,568  0,129  0,048  0,52  0,989  0,249  0,431  0,718  0,941  0,583  0,606  0,779  0,129  0,69  0,422  
0,921  0,516  0,767  0,981  0,783  0,38  0,807  0,39  0,123  0,065  0,495  0,715  0,526  0,36  0,361  0,991  
0,45  0,46  0,61  0,845  0,55  0,989  0,249  0,431  0,718  0,941  0,568  0,138  0,4  0,767  0,861  0,976  
0,473  0,378  0,129  0,048  0,52  0,193  0,004  0,979  0,292  0,256  0,583  0,606  0,779  0,129  0,69  0,422  
0,086  0,419  0,057  0,478  0,735  0,02  0,742  0,669  0,262  0,944  0,413  0,875  0,307  0,271  0,674  0,681  
0,328  0,947  0,983  0,481  0,17  0,939  0,824  0,992  0,982  0,02  0,493  0,382  0,289  0,869  0,335  0,053  
0,328  0,947  0,735  0,478  0,735  0,02  0,742  0,669  0,262  0,944  0,413  0,875  0,289  0,869  0,335  0,053  
0,328  0,947  0,057  0,478  0,669  0,02  0,742  0,669  0,262  0,944  0,413  0,875  0,289  0,869  0,335  0,053  

Next population:
0,979  0,419  0,983  0,481  0,17  0,939  0,824  0,992  0,982  0,02  0,493  0,382  0,307  0,271  0,674  0,681  
0,328  0,947  0,057  0,478  0,669  0,02  0,742  0,669  0,262  0,944  0,413  0,875  0,289  0,869  0,335  0,053  
0,473  0,568  0,129  0,048  0,52  0,989  0,249  0,431  0,718  0,941  0,583  0,606  0,779  0,129  0,69  0,422  
0,328  0,947  0,735  0,478  0,735  0,02  0,742  0,669  0,262  0,944  0,413  0,875  0,289  0,869  0,335  0,053  
0,979  0,419  0,983  0,481  0,17  0,939  0,824  0,992  0,982  0,02  0,493  0,382  0,307  0,271  0,674  0,681  
0,328  0,947  0,735  0,478  0,735  0,02  0,742  0,669  0,262  0,944  0,413  0,875  0,289  0,869  0,335  0,053  

Hidden1 = 0,669404956432445
Hidden2 = 0,640851543999791
Output0 = 0,746201384209109
Output1 = 0,830766544136443

1. iteration

Population:
0,979  0,419  0,983  0,481  0,17  0,939  0,824  0,992  0,982  0,02  0,493  0,382  0,307  0,271  0,674  0,681    477
0,328  0,947  0,057  0,478  0,669  0,02  0,742  0,669  0,262  0,944  0,413  0,875  0,289  0,869  0,335  0,053    216
0,52  0,568  0,129  0,048  0,52  0,989  0,249  0,431  0,718  0,941  0,583  0,606  0,779  0,129  0,69  0,422    481
0,328  0,947  0,735  0,478  0,735  0,02  0,742  0,669  0,262  0,944  0,413  0,875  0,289  0,869  0,335  0,053    286
0,979  0,419  0,718  0,481  0,17  0,939  0,824  0,992  0,982  0,02  0,493  0,382  0,307  0,271  0,674  0,681    322
0,328  0,947  0,735  0,478  0,735  0,02  0,742  0,669  0,262  0,944  0,413  0,875  0,289  0,869  0,335  0,053    403
Max fitness: 481
Min fitness: 216
Average fitness: 379,8

Weights and fitness for selection:
0,473  0,568  0,129  0,048  0,52  0,989  0,249  0,431  0,718  0,941  0,583  0,606  0,779  0,129  0,69  0,422    481
0,979  0,419  0,983  0,481  0,17  0,939  0,824  0,992  0,982  0,02  0,493  0,382  0,307  0,271  0,674  0,681    477
0,979  0,419  0,983  0,481  0,17  0,939  0,824  0,992  0,982  0,02  0,493  0,382  0,307  0,271  0,674  0,681    477
0,473  0,568  0,129  0,048  0,52  0,989  0,249  0,431  0,718  0,941  0,583  0,606  0,779  0,129  0,69  0,422    481
0,328  0,947  0,735  0,478  0,735  0,02  0,742  0,669  0,262  0,944  0,413  0,875  0,289  0,869  0,335  0,053    403
0,473  0,568  0,129  0,048  0,52  0,989  0,249  0,431  0,718  0,941  0,583  0,606  0,779  0,129  0,69  0,422    481
0,328  0,947  0,057  0,478  0,669  0,02  0,742  0,669  0,262  0,944  0,413  0,875  0,289  0,869  0,335  0,053    216
0,328  0,947  0,735  0,478  0,735  0,02  0,742  0,669  0,262  0,944  0,413  0,875  0,289  0,869  0,335  0,053    403
0,979  0,419  0,983  0,481  0,17  0,939  0,824  0,992  0,982  0,02  0,493  0,382  0,307  0,271  0,674  0,681    322
0,328  0,947  0,735  0,478  0,735  0,02  0,742  0,669  0,262  0,944  0,413  0,875  0,289  0,869  0,335  0,053    403
0,328  0,947  0,735  0,478  0,735  0,02  0,742  0,669  0,262  0,944  0,413  0,875  0,289  0,869  0,335  0,053    403
0,979  0,419  0,983  0,481  0,17  0,939  0,824  0,992  0,982  0,02  0,493  0,382  0,307  0,271  0,674  0,681    477

After crossover:
0,473  0,568  0,129  0,048  0,52  0,989  0,249  0,431  0,718  0,941  0,583  0,606  0,779  0,129  0,69  0,422  
0,473  0,568  0,129  0,048  0,52  0,989  0,249  0,431  0,718  0,941  0,583  0,606  0,779  0,129  0,69  0,422  
0,473  0,947  0,735  0,478  0,735  0,02  0,742  0,669  0,718  0,941  0,583  0,606  0,779  0,129  0,69  0,422  
0,328  0,568  0,129  0,048  0,52  0,989  0,249  0,431  0,262  0,944  0,413  0,875  0,289  0,869  0,335  0,053  
0,328  0,947  0,735  0,478  0,17  0,939  0,824  0,992  0,982  0,02  0,493  0,875  0,289  0,869  0,335  0,053  
0,979  0,419  0,983  0,481  0,735  0,02  0,742  0,669  0,262  0,944  0,413  0,382  0,307  0,271  0,674  0,681  

All chromosomes after mutation:
0,979  0,419  0,983  0,481  0,17  0,939  0,824  0,992  0,982  0,02  0,493  0,382  0,307  0,271  0,674  0,681  
0,328  0,947  0,057  0,478  0,669  0,02  0,742  0,669  0,262  0,944  0,413  0,875  0,289  0,869  0,335  0,053  
0,52  0,568  0,129  0,048  0,52  0,989  0,249  0,431  0,718  0,941  0,583  0,606  0,779  0,129  0,69  0,422  
0,328  0,947  0,735  0,478  0,735  0,02  0,742  0,669  0,262  0,944  0,413  0,875  0,289  0,869  0,335  0,053  
0,979  0,419  0,718  0,481  0,17  0,939  0,824  0,992  0,982  0,02  0,493  0,382  0,307  0,271  0,674  0,681  
0,328  0,947  0,735  0,478  0,735  0,02  0,742  0,669  0,262  0,944  0,413  0,875  0,289  0,869  0,335  0,053  
0,473  0,568  0,129  0,048  0,52  0,989  0,249  0,431  0,718  0,941  0,583  0,606  0,779  0,129  0,69  0,422  
0,473  0,568  0,129  0,048  0,52  0,989  0,249  0,431  0,718  0,941  0,583  0,606  0,779  0,129  0,69  0,422  
0,473  0,947  0,735  0,478  0,735  0,02  0,742  0,669  0,718  0,941  0,583  0,606  0,779  0,129  0,69  0,422  
0,328  0,568  0,129  0,048  0,422  0,989  0,249  0,431  0,262  0,944  0,413  0,875  0,289  0,869  0,335  0,053  
0,328  0,947  0,735  0,478  0,17  0,939  0,824  0,992  0,982  0,02  0,493  0,875  0,289  0,869  0,335  0,053  
0,979  0,419  0,983  0,481  0,735  0,02  0,742  0,669  0,262  0,944  0,413  0,382  0,307  0,271  0,674  0,681  

Next population:
0,979  0,419  0,983  0,481  0,17  0,939  0,824  0,992  0,982  0,02  0,493  0,382  0,307  0,271  0,674  0,681  
0,979  0,419  0,983  0,481  0,735  0,02  0,742  0,669  0,262  0,944  0,413  0,382  0,307  0,271  0,674  0,681  
0,328  0,568  0,129  0,048  0,422  0,989  0,249  0,431  0,262  0,944  0,413  0,875  0,289  0,869  0,335  0,053  
0,979  0,419  0,718  0,481  0,17  0,939  0,824  0,992  0,982  0,02  0,493  0,382  0,307  0,271  0,674  0,681  
0,328  0,568  0,129  0,048  0,422  0,989  0,249  0,431  0,262  0,944  0,413  0,875  0,289  0,869  0,335  0,053  
0,979  0,419  0,718  0,481  0,17  0,939  0,824  0,992  0,982  0,02  0,493  0,382  0,307  0,271  0,674  0,681  

Hidden1 = 0,542793548603394
Hidden2 = 0,517011681257572
Output0 = 0,677665996201663
Output1 = 0,798040024067331

